// Created by Crowbar 0.68
version 1
nodes
  0 "root" -1
  1 "spine3" 0
  2 "Arrows6_0_C_L" 1
  3 "Arrows4_0_B_L" 1
  4 "Arrows5_0_B_R" 1
  5 "Arrows2_0" 1
end
skeleton
  time 0
    0 0.000000 88.215973 1.234973 0.000000 -1.570796 -1.570796
    1 0.294710 0.000000 27.651230 -3.141592 -1.355807 3.141592
    2 6.838005 3.212312 13.213303 0.000000 0.000000 0.000000
    3 7.207512 -0.427676 12.601260 0.000000 0.000000 0.000000
    4 6.253273 -0.009462 13.456900 0.000000 0.000000 0.000000
    5 10.111824 0.583267 12.749868 0.000000 0.000000 0.000000
end
triangles
drow_quivver
  2 -12.216714 155.951874 -18.264015 -0.225222 -0.728416 0.647059 0.969770 0.480724 1 2 1.000000
  2 -12.345052 156.026245 -17.027456 0.022414 -0.823133 -0.567406 0.952714 0.493305 1 2 1.000000
  2 -13.607417 155.352249 -17.934067 0.866353 -0.465399 0.181209 0.945124 0.464325 1 2 1.000000
drow_quivver
  2 -13.607417 155.352249 -17.934067 0.866353 -0.465399 0.181209 0.945124 0.464325 1 2 1.000000
  2 3.360876 119.766426 -13.687848 -0.636008 -0.178616 0.750726 0.977037 0.031122 1 2 1.000000
  2 -12.216714 155.951874 -18.264015 -0.225222 -0.728416 0.647059 0.980930 0.461173 1 2 1.000000
drow_quivver
  2 -13.607417 155.352249 -17.934067 0.866353 -0.465399 0.181209 0.945124 0.464325 1 2 1.000000
  2 2.154311 119.239616 -13.387883 0.894587 0.412104 0.172870 0.945550 0.031190 1 2 1.000000
  2 3.360876 119.766426 -13.687848 -0.636008 -0.178616 0.750726 0.977037 0.031122 1 2 1.000000
drow_quivver
  2 -13.607417 155.352249 -17.934067 0.866353 -0.465399 0.181209 0.945124 0.464325 1 2 1.000000
  2 3.243550 119.825729 -12.612451 -0.371759 -0.268660 -0.888604 0.914064 0.031009 1 2 1.000000
  2 2.154311 119.239616 -13.387883 0.894587 0.412104 0.172870 0.945550 0.031190 1 2 1.000000
drow_quivver
  2 -13.607417 155.352249 -17.934067 0.866353 -0.465399 0.181209 0.945124 0.464325 1 2 1.000000
  2 -12.345052 156.026245 -17.027456 0.022414 -0.823133 -0.567406 0.907891 0.461025 1 2 1.000000
  2 3.243550 119.825729 -12.612451 -0.371759 -0.268660 -0.888604 0.914064 0.031009 1 2 1.000000
drow_quivver
  2 -12.345052 156.026245 -17.027456 0.022414 -0.823133 -0.567406 0.907891 0.461025 1 2 1.000000
  2 3.360876 119.766426 -13.687848 -0.636008 -0.178616 0.750726 0.903984 0.030892 1 2 1.000000
  2 3.243550 119.825729 -12.612451 -0.371759 -0.268660 -0.888604 0.914064 0.031009 1 2 1.000000
drow_quivver
  2 -12.345052 156.026245 -17.027456 0.022414 -0.823133 -0.567406 0.907891 0.461025 1 2 1.000000
  2 -12.216714 155.951874 -18.264015 -0.225222 -0.728416 0.647059 0.896206 0.460883 1 2 1.000000
  2 3.360876 119.766426 -13.687848 -0.636008 -0.178616 0.750726 0.903984 0.030892 1 2 1.000000
drow_quivver
  4 -8.628883 142.380524 -10.451489 -0.947984 0.194935 -0.251649 0.975055 0.918195 1 4 1.000000
  4 -8.944838 142.237259 -10.287823 0.058424 0.644015 -0.762779 0.975055 0.918195 1 4 1.000000
  4 -8.623851 144.720230 -7.905370 -0.565849 0.575019 -0.590905 0.879631 0.828154 1 4 1.000000
drow_quivver
  4 -12.092753 150.605133 -9.786743 0.366100 -0.924113 -0.109478 0.987660 0.594595 1 4 1.000000
  4 -11.519022 153.141998 -6.313785 -0.241545 -0.421782 -0.873931 0.855656 0.501259 1 4 1.000000
  4 -8.623851 144.720230 -7.905370 -0.565849 0.575019 -0.590905 0.879631 0.828154 1 4 1.000000
drow_quivver
  4 -8.623851 144.720230 -7.905370 -0.565849 0.575019 -0.590905 0.879631 0.828154 1 4 1.000000
  4 -11.519022 153.141998 -6.313785 -0.241545 -0.421782 -0.873931 0.855656 0.501259 1 4 1.000000
  4 -12.092753 150.605133 -9.786743 0.366100 -0.924113 -0.109478 0.987660 0.594595 1 4 1.000000
drow_quivver
  4 -8.623851 144.720230 -7.905370 -0.565849 0.575019 -0.590905 0.879631 0.828154 1 4 1.000000
  4 -12.092753 150.605133 -9.786743 0.366100 -0.924113 -0.109478 0.987660 0.594595 1 4 1.000000
  4 -8.628883 142.380524 -10.451489 -0.947984 0.194935 -0.251649 0.975055 0.918195 1 4 1.000000
drow_quivver
  4 -12.092753 150.605133 -9.786743 0.366100 -0.924113 -0.109478 0.987660 0.594595 1 4 1.000000
  4 -8.623851 144.720230 -7.905370 -0.565849 0.575019 -0.590905 0.879631 0.828154 1 4 1.000000
  4 -8.944838 142.237259 -10.287823 0.058424 0.644015 -0.762779 0.975055 0.918195 1 4 1.000000
drow_quivver
  4 -12.092753 150.605133 -9.786743 0.366100 -0.924113 -0.109478 0.987660 0.594595 1 4 1.000000
  4 -8.944838 142.237259 -10.287823 0.058424 0.644015 -0.762779 0.975055 0.918195 1 4 1.000000
  4 -11.975706 143.497253 -9.137617 0.336922 0.908561 -0.246984 0.879631 0.828154 1 4 1.000000
drow_quivver
  4 -8.944838 142.237259 -10.287823 0.058424 0.644015 -0.762779 0.975055 0.918195 1 4 1.000000
  4 -9.108103 142.203842 -10.633219 0.570219 0.754483 0.324971 0.975055 0.918195 1 4 1.000000
  4 -11.975706 143.497253 -9.137617 0.336922 0.908561 -0.246984 0.879631 0.828154 1 4 1.000000
drow_quivver
  4 -12.092753 150.605133 -9.786743 0.366100 -0.924113 -0.109478 0.987660 0.594595 1 4 1.000000
  4 -11.975706 143.497253 -9.137617 0.336922 0.908561 -0.246984 0.879631 0.828154 1 4 1.000000
  4 -9.108103 142.203842 -10.633219 0.570219 0.754483 0.324971 0.975055 0.918195 1 4 1.000000
drow_quivver
  4 -10.958138 144.249176 -12.834522 0.041801 0.712431 0.700496 0.879631 0.828154 1 4 1.000000
  4 -12.092753 150.605133 -9.786743 0.366100 -0.924113 -0.109478 0.987660 0.594595 1 4 1.000000
  4 -9.108103 142.203842 -10.633219 0.570219 0.754483 0.324971 0.975055 0.918195 1 4 1.000000
drow_quivver
  4 -12.092753 150.605133 -9.786743 0.366100 -0.924113 -0.109478 0.987660 0.594595 1 4 1.000000
  4 -14.639959 152.513031 -12.903347 0.550681 -0.278957 0.786723 0.855656 0.501259 1 4 1.000000
  4 -10.958138 144.249176 -12.834522 0.041801 0.712431 0.700496 0.879631 0.828154 1 4 1.000000
drow_quivver
  4 -10.958138 144.249176 -12.834522 0.041801 0.712431 0.700496 0.879631 0.828154 1 4 1.000000
  4 -14.639959 152.513031 -12.903347 0.550681 -0.278957 0.786723 0.855656 0.501259 1 4 1.000000
  4 -12.092753 150.605133 -9.786743 0.366100 -0.924113 -0.109478 0.987660 0.594595 1 4 1.000000
drow_quivver
  4 -12.092753 150.605133 -9.786743 0.366100 -0.924113 -0.109478 0.987660 0.594595 1 4 1.000000
  4 -11.975706 143.497253 -9.137617 0.336922 0.908561 -0.246984 0.879631 0.828154 1 4 1.000000
  4 -16.100681 151.475021 -8.048538 0.905476 -0.023778 -0.423731 0.855656 0.501259 1 4 1.000000
drow_quivver
  4 -12.092753 150.605133 -9.786743 0.366100 -0.924113 -0.109478 0.987660 0.594595 1 4 1.000000
  4 -16.100681 151.475021 -8.048538 0.905476 -0.023778 -0.423731 0.855656 0.501259 1 4 1.000000
  4 -11.975706 143.497253 -9.137617 0.336922 0.908561 -0.246984 0.879631 0.828154 1 4 1.000000
drow_quivver
  4 -8.791870 142.346237 -10.796499 -0.429561 0.307804 0.848961 0.975055 0.918195 1 4 1.000000
  4 -10.958138 144.249176 -12.834522 0.041801 0.712431 0.700496 0.879631 0.828154 1 4 1.000000
  4 -9.108103 142.203842 -10.633219 0.570219 0.754483 0.324971 0.975055 0.918195 1 4 1.000000
drow_quivver
  4 -12.092753 150.605133 -9.786743 0.366100 -0.924113 -0.109478 0.987660 0.594595 1 4 1.000000
  4 -10.958138 144.249176 -12.834522 0.041801 0.712431 0.700496 0.879631 0.828154 1 4 1.000000
  4 -8.791870 142.346237 -10.796499 -0.429561 0.307804 0.848961 0.975055 0.918195 1 4 1.000000
drow_quivver
  4 -7.455664 145.520264 -11.471487 -0.849284 0.383212 0.363134 0.879631 0.828154 1 4 1.000000
  4 -12.092753 150.605133 -9.786743 0.366100 -0.924113 -0.109478 0.987660 0.594595 1 4 1.000000
  4 -8.791870 142.346237 -10.796499 -0.429561 0.307804 0.848961 0.975055 0.918195 1 4 1.000000
drow_quivver
  4 -12.092753 150.605133 -9.786743 0.366100 -0.924113 -0.109478 0.987660 0.594595 1 4 1.000000
  4 -7.455664 145.520264 -11.471487 -0.849284 0.383212 0.363134 0.879631 0.828154 1 4 1.000000
  4 -8.628883 142.380524 -10.451489 -0.947984 0.194935 -0.251649 0.975055 0.918195 1 4 1.000000
drow_quivver
  4 -8.791870 142.346237 -10.796499 -0.429561 0.307804 0.848961 0.975055 0.918195 1 4 1.000000
  4 -8.628883 142.380524 -10.451489 -0.947984 0.194935 -0.251649 0.975055 0.918195 1 4 1.000000
  4 -7.455664 145.520264 -11.471487 -0.849284 0.383212 0.363134 0.879631 0.828154 1 4 1.000000
drow_quivver
  4 -12.092753 150.605133 -9.786743 0.366100 -0.924113 -0.109478 0.987660 0.594595 1 4 1.000000
  4 -10.058297 154.180023 -11.168598 -0.624728 -0.690499 0.364592 0.855656 0.501259 1 4 1.000000
  4 -7.455664 145.520264 -11.471487 -0.849284 0.383212 0.363134 0.879631 0.828154 1 4 1.000000
drow_quivver
  4 -7.455664 145.520264 -11.471487 -0.849284 0.383212 0.363134 0.879631 0.828154 1 4 1.000000
  4 -10.058297 154.180023 -11.168598 -0.624728 -0.690499 0.364592 0.855656 0.501259 1 4 1.000000
  4 -12.092753 150.605133 -9.786743 0.366100 -0.924113 -0.109478 0.987660 0.594595 1 4 1.000000
drow_quivver
  5 -0.887934 162.605835 -14.730103 0.152118 -0.718154 0.679055 0.966321 0.461274 1 5 1.000000
  5 -0.059394 162.605728 -13.777023 -0.740991 -0.652346 -0.159303 0.966253 0.482130 1 5 1.000000
  5 -1.376970 162.587067 -13.131224 0.417920 -0.768332 -0.484778 0.932963 0.471094 1 5 1.000000
drow_quivver
  5 -0.059394 162.605728 -13.777023 -0.740991 -0.652346 -0.159303 0.902048 0.460954 1 5 1.000000
  5 0.118217 122.953125 -13.454960 0.650914 0.030534 -0.758538 0.932955 0.031140 1 5 1.000000
  5 -1.376970 162.587067 -13.131224 0.417920 -0.768332 -0.484778 0.932963 0.471094 1 5 1.000000
drow_quivver
  5 0.118217 122.953125 -13.454960 0.650914 0.030534 -0.758538 0.932955 0.031140 1 5 1.000000
  5 -0.887934 162.605835 -14.730103 0.152118 -0.718154 0.679055 0.966321 0.461274 1 5 1.000000
  5 -1.376970 162.587067 -13.131224 0.417920 -0.768332 -0.484778 0.932963 0.471094 1 5 1.000000
drow_quivver
  5 0.118217 122.953125 -13.454960 0.650914 0.030534 -0.758538 0.932955 0.031140 1 5 1.000000
  5 0.542083 122.969421 -14.828467 0.206966 0.004989 0.978335 0.964441 0.031192 1 5 1.000000
  5 -0.887934 162.605835 -14.730103 0.152118 -0.718154 0.679055 0.966321 0.461274 1 5 1.000000
drow_quivver
  5 0.542083 122.969421 -14.828467 0.206966 0.004989 0.978335 0.964441 0.031192 1 5 1.000000
  5 -0.059394 162.605728 -13.777023 -0.740991 -0.652346 -0.159303 0.983852 0.461155 1 5 1.000000
  5 -0.887934 162.605835 -14.730103 0.152118 -0.718154 0.679055 0.966321 0.461274 1 5 1.000000
drow_quivver
  5 0.542083 122.969421 -14.828467 0.206966 0.004989 0.978335 0.964441 0.031192 1 5 1.000000
  5 1.263915 122.967690 -13.998135 -0.978972 -0.031375 -0.201566 0.979558 0.031110 1 5 1.000000
  5 -0.059394 162.605728 -13.777023 -0.740991 -0.652346 -0.159303 0.983852 0.461155 1 5 1.000000
drow_quivver
  5 -0.059394 162.605728 -13.777023 -0.740991 -0.652346 -0.159303 0.902048 0.460954 1 5 1.000000
  5 1.263915 122.967690 -13.998135 -0.978972 -0.031375 -0.201566 0.909023 0.030950 1 5 1.000000
  5 0.118217 122.953125 -13.454960 0.650914 0.030534 -0.758538 0.932955 0.031140 1 5 1.000000
drow_quivver
  5 -0.297726 147.512985 -13.971341 -0.648642 0.492987 0.579850 0.975055 0.918195 1 5 1.000000
  5 -0.481883 149.916168 -16.551716 -0.052526 0.696638 0.715497 0.879631 0.828154 1 5 1.000000
  5 -0.680523 147.500610 -13.987091 0.564956 0.526379 0.635413 0.975055 0.918195 1 5 1.000000
drow_quivver
  5 -0.849139 156.446014 -13.706825 0.044272 -0.998572 -0.029899 0.987660 0.594595 1 5 1.000000
  5 -0.481883 149.916168 -16.551716 -0.052526 0.696638 0.715497 0.879631 0.828154 1 5 1.000000
  5 -0.297726 147.512985 -13.971341 -0.648642 0.492987 0.579850 0.975055 0.918195 1 5 1.000000
drow_quivver
  5 -0.696198 147.497192 -13.603931 0.613448 0.531628 -0.583998 0.975055 0.918195 1 5 1.000000
  5 -0.680523 147.500610 -13.987091 0.564956 0.526379 0.635413 0.975055 0.918195 1 5 1.000000
  5 -3.287349 149.805817 -13.834146 0.697543 0.715692 0.034909 0.879631 0.828154 1 5 1.000000
drow_quivver
  5 -0.849139 156.446014 -13.706825 0.044272 -0.998572 -0.029899 0.987660 0.594595 1 5 1.000000
  5 -3.287349 149.805817 -13.834146 0.697543 0.715692 0.034909 0.879631 0.828154 1 5 1.000000
  5 -0.680523 147.500610 -13.987091 0.564956 0.526379 0.635413 0.975055 0.918195 1 5 1.000000
drow_quivver
  5 -0.481883 149.916168 -16.551716 -0.052526 0.696638 0.715497 0.879631 0.828154 1 5 1.000000
  5 -0.849139 156.446014 -13.706825 0.044272 -0.998572 -0.029899 0.987660 0.594595 1 5 1.000000
  5 -0.680523 147.500610 -13.987091 0.564956 0.526379 0.635413 0.975055 0.918195 1 5 1.000000
drow_quivver
  5 -0.849139 156.446014 -13.706825 0.044272 -0.998572 -0.029899 0.987660 0.594595 1 5 1.000000
  5 -0.677762 158.922363 -17.389668 -0.036398 -0.400869 0.915412 0.855656 0.501259 1 5 1.000000
  5 -0.481883 149.916168 -16.551716 -0.052526 0.696638 0.715497 0.879631 0.828154 1 5 1.000000
drow_quivver
  5 -0.481883 149.916168 -16.551716 -0.052526 0.696638 0.715497 0.879631 0.828154 1 5 1.000000
  5 -0.677762 158.922363 -17.389668 -0.036398 -0.400869 0.915412 0.855656 0.501259 1 5 1.000000
  5 -0.849139 156.446014 -13.706825 0.044272 -0.998572 -0.029899 0.987660 0.594595 1 5 1.000000
drow_quivver
  5 2.180068 149.971817 -13.610319 -0.734370 0.678276 -0.025355 0.879631 0.828154 1 5 1.000000
  5 -0.849139 156.446014 -13.706825 0.044272 -0.998572 -0.029899 0.987660 0.594595 1 5 1.000000
  5 -0.297726 147.512985 -13.971341 -0.648642 0.492987 0.579850 0.975055 0.918195 1 5 1.000000
drow_quivver
  5 -0.849139 156.446014 -13.706825 0.044272 -0.998572 -0.029899 0.987660 0.594595 1 5 1.000000
  5 2.180068 149.971817 -13.610319 -0.734370 0.678276 -0.025355 0.879631 0.828154 1 5 1.000000
  5 -0.313157 147.510513 -13.588543 -0.598809 0.497372 -0.627734 0.975055 0.918195 1 5 1.000000
drow_quivver
  5 -0.704090 149.860504 -11.082254 0.003946 0.696847 -0.717209 0.879631 0.828154 1 5 1.000000
  5 -0.849139 156.446014 -13.706825 0.044272 -0.998572 -0.029899 0.987660 0.594595 1 5 1.000000
  5 -0.313157 147.510513 -13.588543 -0.598809 0.497372 -0.627734 0.975055 0.918195 1 5 1.000000
drow_quivver
  5 -0.313157 147.510513 -13.588543 -0.598809 0.497372 -0.627734 0.975055 0.918195 1 5 1.000000
  5 -0.696198 147.497192 -13.603931 0.613448 0.531628 -0.583998 0.975055 0.918195 1 5 1.000000
  5 -0.704090 149.860504 -11.082254 0.003946 0.696847 -0.717209 0.879631 0.828154 1 5 1.000000
drow_quivver
  5 -0.849139 156.446014 -13.706825 0.044272 -0.998572 -0.029899 0.987660 0.594595 1 5 1.000000
  5 -0.704090 149.860504 -11.082254 0.003946 0.696847 -0.717209 0.879631 0.828154 1 5 1.000000
  5 -0.696198 147.497192 -13.603931 0.613448 0.531628 -0.583998 0.975055 0.918195 1 5 1.000000
drow_quivver
  5 -0.849139 156.446014 -13.706825 0.044272 -0.998572 -0.029899 0.987660 0.594595 1 5 1.000000
  5 -0.696198 147.497192 -13.603931 0.613448 0.531628 -0.583998 0.975055 0.918195 1 5 1.000000
  5 -3.287349 149.805817 -13.834146 0.697543 0.715692 0.034909 0.879631 0.828154 1 5 1.000000
drow_quivver
  5 -0.849139 156.446014 -13.706825 0.044272 -0.998572 -0.029899 0.987660 0.594595 1 5 1.000000
  5 -3.287349 149.805817 -13.834146 0.697543 0.715692 0.034909 0.879631 0.828154 1 5 1.000000
  5 -4.480852 158.773483 -13.883280 0.937957 -0.345062 0.034181 0.855656 0.501259 1 5 1.000000
drow_quivver
  5 -0.849139 156.446014 -13.706825 0.044272 -0.998572 -0.029899 0.987660 0.594595 1 5 1.000000
  5 -4.480852 158.773483 -13.883280 0.937957 -0.345062 0.034181 0.855656 0.501259 1 5 1.000000
  5 -3.287349 149.805817 -13.834146 0.697543 0.715692 0.034909 0.879631 0.828154 1 5 1.000000
drow_quivver
  5 -0.297726 147.512985 -13.971341 -0.648642 0.492987 0.579850 0.975055 0.918195 1 5 1.000000
  5 -0.313157 147.510513 -13.588543 -0.598809 0.497372 -0.627734 0.975055 0.918195 1 5 1.000000
  5 2.180068 149.971817 -13.610319 -0.734370 0.678276 -0.025355 0.879631 0.828154 1 5 1.000000
drow_quivver
  5 -0.849139 156.446014 -13.706825 0.044272 -0.998572 -0.029899 0.987660 0.594595 1 5 1.000000
  5 -0.974819 158.847137 -10.077738 0.037617 -0.369243 -0.928571 0.855656 0.501259 1 5 1.000000
  5 -0.704090 149.860504 -11.082254 0.003946 0.696847 -0.717209 0.879631 0.828154 1 5 1.000000
drow_quivver
  5 -0.704090 149.860504 -11.082254 0.003946 0.696847 -0.717209 0.879631 0.828154 1 5 1.000000
  5 -0.974819 158.847137 -10.077738 0.037617 -0.369243 -0.928571 0.855656 0.501259 1 5 1.000000
  5 -0.849139 156.446014 -13.706825 0.044272 -0.998572 -0.029899 0.987660 0.594595 1 5 1.000000
drow_quivver
  5 -0.849139 156.446014 -13.706825 0.044272 -0.998572 -0.029899 0.987660 0.594595 1 5 1.000000
  5 2.828264 158.996002 -13.584127 -0.904751 -0.423938 -0.041269 0.855656 0.501259 1 5 1.000000
  5 2.180068 149.971817 -13.610319 -0.734370 0.678276 -0.025355 0.879631 0.828154 1 5 1.000000
drow_quivver
  5 2.180068 149.971817 -13.610319 -0.734370 0.678276 -0.025355 0.879631 0.828154 1 5 1.000000
  5 2.828264 158.996002 -13.584127 -0.904751 -0.423938 -0.041269 0.855656 0.501259 1 5 1.000000
  5 -0.849139 156.446014 -13.706825 0.044272 -0.998572 -0.029899 0.987660 0.594595 1 5 1.000000
drow_quivver
  3 -0.151872 120.234192 -12.168387 0.741441 0.516796 0.428003 0.959404 0.031203 1 3 1.000000
  3 1.036304 120.878944 -12.245174 -0.709220 -0.411999 0.572070 0.979558 0.031110 1 3 1.000000
  3 -20.403015 154.142410 -14.866030 -0.172029 -0.882560 0.437600 0.983852 0.461155 1 3 1.000000
drow_quivver
  3 -0.151872 120.234192 -12.168387 0.741441 0.516796 0.428003 0.959404 0.031203 1 3 1.000000
  3 -20.403015 154.142410 -14.866030 -0.172029 -0.882560 0.437600 0.983852 0.461155 1 3 1.000000
  3 -21.749716 153.398926 -14.775826 0.896500 -0.276909 0.345844 0.960477 0.461184 1 3 1.000000
drow_quivver
  3 -20.975513 153.903534 -13.467512 0.304141 -0.690548 -0.656233 0.932406 0.472168 1 3 1.000000
  3 -0.151872 120.234192 -12.168387 0.741441 0.516796 0.428003 0.959404 0.031203 1 3 1.000000
  3 -21.749716 153.398926 -14.775826 0.896500 -0.276909 0.345844 0.960477 0.461184 1 3 1.000000
drow_quivver
  3 -20.975513 153.903534 -13.467512 0.304141 -0.690548 -0.656233 0.932406 0.472168 1 3 1.000000
  3 0.538290 120.670998 -11.039475 -0.054412 -0.108085 -0.992652 0.929177 0.031118 1 3 1.000000
  3 -0.151872 120.234192 -12.168387 0.741441 0.516796 0.428003 0.959404 0.031203 1 3 1.000000
drow_quivver
  3 -20.403015 154.142410 -14.866030 -0.172029 -0.882560 0.437600 0.896206 0.460883 1 3 1.000000
  3 0.538290 120.670998 -11.039475 -0.054412 -0.108085 -0.992652 0.929177 0.031118 1 3 1.000000
  3 -20.975513 153.903534 -13.467512 0.304141 -0.690548 -0.656233 0.932406 0.472168 1 3 1.000000
drow_quivver
  3 -20.403015 154.142410 -14.866030 -0.172029 -0.882560 0.437600 0.896206 0.460883 1 3 1.000000
  3 1.036304 120.878944 -12.245174 -0.709220 -0.411999 0.572070 0.903984 0.030892 1 3 1.000000
  3 0.538290 120.670998 -11.039475 -0.054412 -0.108085 -0.992652 0.929177 0.031118 1 3 1.000000
drow_quivver
  3 -21.749716 153.398926 -14.775826 0.896500 -0.276909 0.345844 0.960477 0.461184 1 3 1.000000
  3 -20.403015 154.142410 -14.866030 -0.172029 -0.882560 0.437600 0.969770 0.480724 1 3 1.000000
  3 -20.975513 153.903534 -13.467512 0.304141 -0.690548 -0.656233 0.932406 0.472168 1 3 1.000000
drow_quivver
  4 -15.358275 155.930603 -9.632537 0.821389 -0.459737 0.337584 0.954635 0.461093 1 4 1.000000
  4 -0.351721 119.371368 -13.018196 0.776809 0.265829 0.570879 0.954366 0.031215 1 4 1.000000
  4 1.021390 119.926094 -12.903408 -0.876788 -0.381149 0.293204 0.977037 0.031122 1 4 1.000000
drow_quivver
  4 -15.358275 155.930603 -9.632537 0.821389 -0.459737 0.337584 0.954635 0.461093 1 4 1.000000
  4 1.021390 119.926094 -12.903408 -0.876788 -0.381149 0.293204 0.977037 0.031122 1 4 1.000000
  4 -13.767190 156.568268 -9.494064 -0.217438 -0.971504 0.094343 0.980930 0.461173 1 4 1.000000
drow_quivver
  4 -13.767190 156.568268 -9.494064 -0.217438 -0.971504 0.094343 0.961242 0.487015 1 4 1.000000
  4 -14.845925 156.022217 -8.536003 0.376248 -0.448560 -0.810698 0.935614 0.467557 1 4 1.000000
  4 -15.358275 155.930603 -9.632537 0.821389 -0.459737 0.337584 0.954635 0.461093 1 4 1.000000
drow_quivver
  4 -14.845925 156.022217 -8.536003 0.376248 -0.448560 -0.810698 0.935614 0.467557 1 4 1.000000
  4 -0.351721 119.371368 -13.018196 0.776809 0.265829 0.570879 0.954366 0.031215 1 4 1.000000
  4 -15.358275 155.930603 -9.632537 0.821389 -0.459737 0.337584 0.954635 0.461093 1 4 1.000000
drow_quivver
  4 -14.845925 156.022217 -8.536003 0.376248 -0.448560 -0.810698 0.935614 0.467557 1 4 1.000000
  4 0.087736 119.447044 -12.066051 0.180405 0.167339 -0.969253 0.936734 0.031166 1 4 1.000000
  4 -0.351721 119.371368 -13.018196 0.776809 0.265829 0.570879 0.954366 0.031215 1 4 1.000000
drow_quivver
  4 -14.845925 156.022217 -8.536003 0.376248 -0.448560 -0.810698 0.935614 0.467557 1 4 1.000000
  4 1.021390 119.926094 -12.903408 -0.876788 -0.381149 0.293204 0.909023 0.030950 1 4 1.000000
  4 0.087736 119.447044 -12.066051 0.180405 0.167339 -0.969253 0.936734 0.031166 1 4 1.000000
drow_quivver
  4 -14.845925 156.022217 -8.536003 0.376248 -0.448560 -0.810698 0.935614 0.467557 1 4 1.000000
  4 -13.767190 156.568268 -9.494064 -0.217438 -0.971504 0.094343 0.902048 0.460954 1 4 1.000000
  4 1.021390 119.926094 -12.903408 -0.876788 -0.381149 0.293204 0.909023 0.030950 1 4 1.000000
drow_quivver
  2 -6.892534 141.922592 -16.259775 -0.814458 0.277400 0.509615 0.975055 0.918195 1 2 1.000000
  2 -7.781053 143.805511 -19.111530 -0.335368 0.689394 0.642078 0.879631 0.828154 1 2 1.000000
  2 -7.243361 141.769440 -16.280090 0.299405 0.761564 0.574784 0.975055 0.918195 1 2 1.000000
drow_quivver
  2 -7.781053 143.805511 -19.111530 -0.335368 0.689394 0.642078 0.879631 0.828154 1 2 1.000000
  2 -10.562994 150.053101 -17.019444 0.734875 -0.527254 -0.426570 0.987660 0.594595 1 2 1.000000
  2 -7.243361 141.769440 -16.280090 0.299405 0.761564 0.574784 0.975055 0.918195 1 2 1.000000
drow_quivver
  2 -10.562994 150.053101 -17.019444 0.734875 -0.527254 -0.426570 0.987660 0.594595 1 2 1.000000
  2 -10.511167 142.963943 -16.445782 0.388003 0.920817 -0.039356 0.879631 0.828154 1 2 1.000000
  2 -7.243361 141.769440 -16.280090 0.299405 0.761564 0.574784 0.975055 0.918195 1 2 1.000000
drow_quivver
  2 -7.279176 141.800980 -15.899572 0.417405 0.657357 -0.627419 0.975055 0.918195 1 2 1.000000
  2 -7.243361 141.769440 -16.280090 0.299405 0.761564 0.574784 0.975055 0.918195 1 2 1.000000
  2 -10.511167 142.963943 -16.445782 0.388003 0.920817 -0.039356 0.879631 0.828154 1 2 1.000000
drow_quivver
  2 -10.562994 150.053101 -17.019444 0.734875 -0.527254 -0.426570 0.987660 0.594595 1 2 1.000000
  2 -7.279176 141.800980 -15.899572 0.417405 0.657357 -0.627419 0.975055 0.918195 1 2 1.000000
  2 -10.511167 142.963943 -16.445782 0.388003 0.920817 -0.039356 0.879631 0.828154 1 2 1.000000
drow_quivver
  2 -10.562994 150.053101 -17.019444 0.734875 -0.527254 -0.426570 0.987660 0.594595 1 2 1.000000
  2 -10.511167 142.963943 -16.445782 0.388003 0.920817 -0.039356 0.879631 0.828154 1 2 1.000000
  2 -14.859365 150.815063 -17.585695 0.994886 0.015358 0.099831 0.855656 0.501259 1 2 1.000000
drow_quivver
  2 -10.562994 150.053101 -17.019444 0.734875 -0.527254 -0.426570 0.987660 0.594595 1 2 1.000000
  2 -14.859365 150.815063 -17.585695 0.994886 0.015358 0.099831 0.855656 0.501259 1 2 1.000000
  2 -10.511167 142.963943 -16.445782 0.388003 0.920817 -0.039356 0.879631 0.828154 1 2 1.000000
drow_quivver
  2 -10.562994 150.053101 -17.019444 0.734875 -0.527254 -0.426570 0.987660 0.594595 1 2 1.000000
  2 -8.288271 144.249390 -13.678924 -0.205175 0.570444 -0.795297 0.879631 0.828154 1 2 1.000000
  2 -7.279176 141.800980 -15.899572 0.417405 0.657357 -0.627419 0.975055 0.918195 1 2 1.000000
drow_quivver
  2 -8.288271 144.249390 -13.678924 -0.205175 0.570444 -0.795297 0.879631 0.828154 1 2 1.000000
  2 -10.562994 150.053101 -17.019444 0.734875 -0.527254 -0.426570 0.987660 0.594595 1 2 1.000000
  2 -6.928414 141.954987 -15.879719 -0.698196 0.174377 -0.694345 0.975055 0.918195 1 2 1.000000
drow_quivver
  2 -10.562994 150.053101 -17.019444 0.734875 -0.527254 -0.426570 0.987660 0.594595 1 2 1.000000
  2 -5.496358 145.140564 -16.155396 -0.937151 0.327959 -0.119125 0.879631 0.828154 1 2 1.000000
  2 -6.928414 141.954987 -15.879719 -0.698196 0.174377 -0.694345 0.975055 0.918195 1 2 1.000000
drow_quivver
  2 -6.892534 141.922592 -16.259775 -0.814458 0.277400 0.509615 0.975055 0.918195 1 2 1.000000
  2 -6.928414 141.954987 -15.879719 -0.698196 0.174377 -0.694345 0.975055 0.918195 1 2 1.000000
  2 -5.496358 145.140564 -16.155396 -0.937151 0.327959 -0.119125 0.879631 0.828154 1 2 1.000000
drow_quivver
  2 -5.496358 145.140564 -16.155396 -0.937151 0.327959 -0.119125 0.879631 0.828154 1 2 1.000000
  2 -10.354206 150.108276 -17.304014 -0.299701 -0.800535 0.518963 0.987660 0.594595 1 2 1.000000
  2 -6.892534 141.922592 -16.259775 -0.814458 0.277400 0.509615 0.975055 0.918195 1 2 1.000000
drow_quivver
  2 -10.354206 150.108276 -17.304014 -0.299701 -0.800535 0.518963 0.987660 0.594595 1 2 1.000000
  2 -7.781053 143.805511 -19.111530 -0.335368 0.689394 0.642078 0.879631 0.828154 1 2 1.000000
  2 -6.892534 141.922592 -16.259775 -0.814458 0.277400 0.509615 0.975055 0.918195 1 2 1.000000
drow_quivver
  2 -10.354206 150.108276 -17.304014 -0.299701 -0.800535 0.518963 0.987660 0.594595 1 2 1.000000
  2 -11.168554 151.973938 -21.023050 -0.297808 -0.906748 -0.298528 0.855656 0.501259 1 2 1.000000
  2 -7.781053 143.805511 -19.111530 -0.335368 0.689394 0.642078 0.879631 0.828154 1 2 1.000000
drow_quivver
  2 -7.781053 143.805511 -19.111530 -0.335368 0.689394 0.642078 0.879631 0.828154 1 2 1.000000
  2 -11.168554 151.973938 -21.023050 -0.297808 -0.906748 -0.298528 0.855656 0.501259 1 2 1.000000
  2 -10.562994 150.053101 -17.019444 0.734875 -0.527254 -0.426570 0.987660 0.594595 1 2 1.000000
drow_quivver
  2 -10.354206 150.108276 -17.304014 -0.299701 -0.800535 0.518963 0.987660 0.594595 1 2 1.000000
  2 -10.562994 150.053101 -17.019444 0.734875 -0.527254 -0.426570 0.987660 0.594595 1 2 1.000000
  2 -11.168554 151.973938 -21.023050 -0.297808 -0.906748 -0.298528 0.855656 0.501259 1 2 1.000000
drow_quivver
  2 -10.562994 150.053101 -17.019444 0.734875 -0.527254 -0.426570 0.987660 0.594595 1 2 1.000000
  2 -10.354206 150.108276 -17.304014 -0.299701 -0.800535 0.518963 0.987660 0.594595 1 2 1.000000
  2 -8.155503 153.725403 -17.197638 0.687912 -0.545575 0.478669 0.855656 0.501259 1 2 1.000000
drow_quivver
  2 -5.496358 145.140564 -16.155396 -0.937151 0.327959 -0.119125 0.879631 0.828154 1 2 1.000000
  2 -8.155503 153.725403 -17.197638 0.687912 -0.545575 0.478669 0.855656 0.501259 1 2 1.000000
  2 -10.354206 150.108276 -17.304014 -0.299701 -0.800535 0.518963 0.987660 0.594595 1 2 1.000000
drow_quivver
  2 -10.562994 150.053101 -17.019444 0.734875 -0.527254 -0.426570 0.987660 0.594595 1 2 1.000000
  2 -8.155503 153.725403 -17.197638 0.687912 -0.545575 0.478669 0.855656 0.501259 1 2 1.000000
  2 -5.496358 145.140564 -16.155396 -0.937151 0.327959 -0.119125 0.879631 0.828154 1 2 1.000000
drow_quivver
  2 -6.928414 141.954987 -15.879719 -0.698196 0.174377 -0.694345 0.975055 0.918195 1 2 1.000000
  2 -7.279176 141.800980 -15.899572 0.417405 0.657357 -0.627419 0.975055 0.918195 1 2 1.000000
  2 -8.288271 144.249390 -13.678924 -0.205175 0.570444 -0.795297 0.879631 0.828154 1 2 1.000000
drow_quivver
  2 -10.562994 150.053101 -17.019444 0.734875 -0.527254 -0.426570 0.987660 0.594595 1 2 1.000000
  2 -11.846321 152.566559 -13.760283 0.236636 -0.413352 -0.879286 0.855656 0.501259 1 2 1.000000
  2 -8.288271 144.249390 -13.678924 -0.205175 0.570444 -0.795297 0.879631 0.828154 1 2 1.000000
drow_quivver
  2 -8.288271 144.249390 -13.678924 -0.205175 0.570444 -0.795297 0.879631 0.828154 1 2 1.000000
  2 -11.846321 152.566559 -13.760283 0.236636 -0.413352 -0.879286 0.855656 0.501259 1 2 1.000000
  2 -10.562994 150.053101 -17.019444 0.734875 -0.527254 -0.426570 0.987660 0.594595 1 2 1.000000
drow_quivver
  3 -17.762663 148.628387 -13.658193 0.539375 -0.841170 0.038827 0.987660 0.594595 1 3 1.000000
  3 -15.169389 142.322388 -15.750245 -0.132448 0.797447 0.588672 0.879631 0.828154 1 3 1.000000
  3 -12.816894 141.169373 -13.383003 -0.536516 0.331792 0.775928 0.975055 0.918195 1 3 1.000000
drow_quivver
  3 -12.047276 144.413666 -14.477509 -0.925273 0.262306 0.273980 0.879631 0.828154 1 3 1.000000
  3 -17.762663 148.628387 -13.658193 0.539375 -0.841170 0.038827 0.987660 0.594595 1 3 1.000000
  3 -12.816894 141.169373 -13.383003 -0.536516 0.331792 0.775928 0.975055 0.918195 1 3 1.000000
drow_quivver
  3 -17.762663 148.628387 -13.658193 0.539375 -0.841170 0.038827 0.987660 0.594595 1 3 1.000000
  3 -12.047276 144.413666 -14.477509 -0.925273 0.262306 0.273980 0.879631 0.828154 1 3 1.000000
  3 -12.683919 141.281876 -13.041782 -0.953350 -0.025542 -0.300786 0.975055 0.918195 1 3 1.000000
drow_quivver
  3 -12.816894 141.169373 -13.383003 -0.536516 0.331792 0.775928 0.975055 0.918195 1 3 1.000000
  3 -12.683919 141.281876 -13.041782 -0.953350 -0.025542 -0.300786 0.975055 0.918195 1 3 1.000000
  3 -12.047276 144.413666 -14.477509 -0.925273 0.262306 0.273980 0.879631 0.828154 1 3 1.000000
drow_quivver
  3 -15.169389 142.322388 -15.750245 -0.132448 0.797447 0.588672 0.879631 0.828154 1 3 1.000000
  3 -20.292978 149.643738 -17.164124 0.522677 -0.067027 0.849892 0.855656 0.501259 1 3 1.000000
  3 -17.762663 148.628387 -13.658193 0.539375 -0.841170 0.038827 0.987660 0.594595 1 3 1.000000
drow_quivver
  3 -17.762663 148.628387 -13.658193 0.539375 -0.841170 0.038827 0.987660 0.594595 1 3 1.000000
  3 -20.292978 149.643738 -17.164124 0.522677 -0.067027 0.849892 0.855656 0.501259 1 3 1.000000
  3 -15.169389 142.322388 -15.750245 -0.132448 0.797447 0.588672 0.879631 0.828154 1 3 1.000000
drow_quivver
  3 -17.762663 148.628387 -13.658193 0.539375 -0.841170 0.038827 0.987660 0.594595 1 3 1.000000
  3 -16.206757 152.376755 -15.547565 -0.492184 -0.752499 0.437608 0.855656 0.501259 1 3 1.000000
  3 -12.047276 144.413666 -14.477509 -0.925273 0.262306 0.273980 0.879631 0.828154 1 3 1.000000
drow_quivver
  3 -12.047276 144.413666 -14.477509 -0.925273 0.262306 0.273980 0.879631 0.828154 1 3 1.000000
  3 -16.206757 152.376755 -15.547565 -0.492184 -0.752499 0.437608 0.855656 0.501259 1 3 1.000000
  3 -17.762663 148.628387 -13.658193 0.539375 -0.841170 0.038827 0.987660 0.594595 1 3 1.000000
drow_quivver
  3 -12.816894 141.169373 -13.383003 -0.536516 0.331792 0.775928 0.975055 0.918195 1 3 1.000000
  3 -15.169389 142.322388 -15.750245 -0.132448 0.797447 0.588672 0.879631 0.828154 1 3 1.000000
  3 -13.110873 140.993698 -13.210794 0.400619 0.885503 0.235350 0.975055 0.918195 1 3 1.000000
drow_quivver
  3 -15.169389 142.322388 -15.750245 -0.132448 0.797447 0.588672 0.879631 0.828154 1 3 1.000000
  3 -17.762663 148.628387 -13.658193 0.539375 -0.841170 0.038827 0.987660 0.594595 1 3 1.000000
  3 -13.110873 140.993698 -13.210794 0.400619 0.885503 0.235350 0.975055 0.918195 1 3 1.000000
drow_quivver
  3 -17.762663 148.628387 -13.658193 0.539375 -0.841170 0.038827 0.987660 0.594595 1 3 1.000000
  3 -16.251272 141.914322 -12.017818 0.179448 0.912185 -0.368399 0.879631 0.828154 1 3 1.000000
  3 -13.110873 140.993698 -13.210794 0.400619 0.885503 0.235350 0.975055 0.918195 1 3 1.000000
drow_quivver
  3 -17.762663 148.628387 -13.658193 0.539375 -0.841170 0.038827 0.987660 0.594595 1 3 1.000000
  3 -12.977477 141.105438 -12.869054 -0.022118 0.524549 -0.851093 0.975055 0.918195 1 3 1.000000
  3 -16.251272 141.914322 -12.017818 0.179448 0.912185 -0.368399 0.879631 0.828154 1 3 1.000000
drow_quivver
  3 -12.977477 141.105438 -12.869054 -0.022118 0.524549 -0.851093 0.975055 0.918195 1 3 1.000000
  3 -13.110873 140.993698 -13.210794 0.400619 0.885503 0.235350 0.975055 0.918195 1 3 1.000000
  3 -16.251272 141.914322 -12.017818 0.179448 0.912185 -0.368399 0.879631 0.828154 1 3 1.000000
drow_quivver
  3 -17.762663 148.628387 -13.658193 0.539375 -0.841170 0.038827 0.987660 0.594595 1 3 1.000000
  3 -16.251272 141.914322 -12.017818 0.179448 0.912185 -0.368399 0.879631 0.828154 1 3 1.000000
  3 -21.826548 149.035019 -12.259216 0.912851 0.109388 -0.393366 0.855656 0.501259 1 3 1.000000
drow_quivver
  3 -17.762663 148.628387 -13.658193 0.539375 -0.841170 0.038827 0.987660 0.594595 1 3 1.000000
  3 -21.826548 149.035019 -12.259216 0.912851 0.109388 -0.393366 0.855656 0.501259 1 3 1.000000
  3 -16.251272 141.914322 -12.017818 0.179448 0.912185 -0.368399 0.879631 0.828154 1 3 1.000000
drow_quivver
  3 -17.762663 148.628387 -13.658193 0.539375 -0.841170 0.038827 0.987660 0.594595 1 3 1.000000
  3 -17.740320 151.768051 -10.642669 -0.128314 -0.592343 -0.795403 0.855656 0.501259 1 3 1.000000
  3 -13.260287 143.911942 -10.872122 -0.626391 0.368159 -0.687091 0.879631 0.828154 1 3 1.000000
drow_quivver
  3 -13.260287 143.911942 -10.872122 -0.626391 0.368159 -0.687091 0.879631 0.828154 1 3 1.000000
  3 -17.740320 151.768051 -10.642669 -0.128314 -0.592343 -0.795403 0.855656 0.501259 1 3 1.000000
  3 -17.762663 148.628387 -13.658193 0.539375 -0.841170 0.038827 0.987660 0.594595 1 3 1.000000
drow_quivver
  3 -13.260287 143.911942 -10.872122 -0.626391 0.368159 -0.687091 0.879631 0.828154 1 3 1.000000
  3 -17.762663 148.628387 -13.658193 0.539375 -0.841170 0.038827 0.987660 0.594595 1 3 1.000000
  3 -12.683919 141.281876 -13.041782 -0.953350 -0.025542 -0.300786 0.975055 0.918195 1 3 1.000000
drow_quivver
  3 -12.683919 141.281876 -13.041782 -0.953350 -0.025542 -0.300786 0.975055 0.918195 1 3 1.000000
  3 -12.977477 141.105438 -12.869054 -0.022118 0.524549 -0.851093 0.975055 0.918195 1 3 1.000000
  3 -13.260287 143.911942 -10.872122 -0.626391 0.368159 -0.687091 0.879631 0.828154 1 3 1.000000
drow_quivver
  3 -17.762663 148.628387 -13.658193 0.539375 -0.841170 0.038827 0.987660 0.594595 1 3 1.000000
  3 -13.260287 143.911942 -10.872122 -0.626391 0.368159 -0.687091 0.879631 0.828154 1 3 1.000000
  3 -12.977477 141.105438 -12.869054 -0.022118 0.524549 -0.851093 0.975055 0.918195 1 3 1.000000
drow_quivver
  1 3.059622 99.284470 -8.079882 -0.424061 -0.660830 0.619255 0.822641 0.923074 1 1 1.000000
  1 2.733097 98.815674 -11.258909 -0.557287 -0.702457 -0.442702 0.770887 0.926853 1 1 1.000000
  1 6.554562 100.092194 -13.264688 0.189863 -0.652424 -0.733686 0.765316 0.777977 1 1 1.000000
drow_quivver
  1 3.059622 99.284470 -8.079882 -0.424061 -0.660830 0.619255 0.822641 0.923074 1 1 1.000000
  1 6.554562 100.092194 -13.264688 0.189863 -0.652424 -0.733686 0.765316 0.777977 1 1 1.000000
  1 7.210606 101.229691 -6.633741 0.222512 -0.587346 0.778147 0.857617 0.781494 1 1 1.000000
drow_quivver
  1 11.304693 102.135651 -12.293144 0.717981 -0.409095 -0.563156 0.778982 0.606061 1 1 1.000000
  1 7.210606 101.229691 -6.633741 0.222512 -0.587346 0.778147 0.857617 0.781494 1 1 1.000000
  1 6.554562 100.092194 -13.264688 0.189863 -0.652424 -0.733686 0.765316 0.777977 1 1 1.000000
drow_quivver
  1 11.304693 102.135651 -12.293144 0.717981 -0.409095 -0.563156 0.778982 0.606061 1 1 1.000000
  1 11.296047 102.949402 -7.458991 0.780728 -0.252674 0.571506 0.852360 0.628776 1 1 1.000000
  1 7.210606 101.229691 -6.633741 0.222512 -0.587346 0.778147 0.857617 0.781494 1 1 1.000000
drow_quivver
  1 11.296047 102.949402 -7.458991 0.780728 -0.252674 0.571506 0.852360 0.628776 1 1 1.000000
  1 11.304693 102.135651 -12.293144 0.717981 -0.409095 -0.563156 0.778982 0.606061 1 1 1.000000
  1 12.108554 102.851746 -10.054724 0.992998 -0.117105 -0.015514 0.815660 0.589919 1 1 1.000000
drow_quivver
  1 2.575896 115.003960 -16.668554 0.268587 -0.321874 -0.907887 0.376786 0.455009 1 1 1.000000
  1 3.777891 112.744949 -14.624018 0.393859 -0.217015 -0.893185 0.444704 0.442639 1 1 1.000000
  1 -1.702799 113.373947 -14.884588 -0.494992 -0.390132 -0.776389 0.377957 0.635099 1 1 1.000000
drow_quivver
  1 3.777891 112.744949 -14.624018 0.393859 -0.217015 -0.893185 0.444704 0.442639 1 1 1.000000
  1 2.575896 115.003960 -16.668554 0.268587 -0.321874 -0.907887 0.376786 0.455009 1 1 1.000000
  1 5.438234 116.268745 -14.392338 0.792106 0.066316 -0.606771 0.387201 0.313409 1 1 1.000000
drow_quivver
  1 5.438234 116.268745 -14.392338 0.792106 0.066316 -0.606771 0.387201 0.313409 1 1 1.000000
  1 2.575896 115.003960 -16.668554 0.268587 -0.321874 -0.907887 0.376786 0.455009 1 1 1.000000
  1 1.110754 118.517021 -17.263021 0.030332 0.126259 -0.991534 0.295357 0.453631 1 1 1.000000
drow_quivver
  1 5.438234 116.268745 -14.392338 0.792106 0.066316 -0.606771 0.387201 0.313409 1 1 1.000000
  1 1.110754 118.517021 -17.263021 0.030332 0.126259 -0.991534 0.295357 0.453631 1 1 1.000000
  1 2.616236 121.917648 -15.699545 0.517204 0.323488 -0.792374 0.239347 0.328546 1 1 1.000000
drow_quivver
  1 -3.876594 118.776810 -15.780598 -0.409967 -0.117875 -0.904451 0.240710 0.621645 1 1 1.000000
  1 2.616236 121.917648 -15.699545 0.517204 0.323488 -0.792374 0.239347 0.328546 1 1 1.000000
  1 1.110754 118.517021 -17.263021 0.030332 0.126259 -0.991534 0.295357 0.453631 1 1 1.000000
drow_quivver
  1 1.110754 118.517021 -17.263021 0.030332 0.126259 -0.991534 0.295357 0.453631 1 1 1.000000
  1 2.575896 115.003960 -16.668554 0.268587 -0.321874 -0.907887 0.376786 0.455009 1 1 1.000000
  1 -1.702799 113.373947 -14.884588 -0.494992 -0.390132 -0.776389 0.377957 0.635099 1 1 1.000000
drow_quivver
  1 1.110754 118.517021 -17.263021 0.030332 0.126259 -0.991534 0.295357 0.453631 1 1 1.000000
  1 -1.702799 113.373947 -14.884588 -0.494992 -0.390132 -0.776389 0.377957 0.635099 1 1 1.000000
  1 -3.876594 118.776810 -15.780598 -0.409967 -0.117875 -0.904451 0.240710 0.621645 1 1 1.000000
drow_quivver
  1 -1.702799 113.373947 -14.884588 -0.494992 -0.390132 -0.776389 0.377957 0.635099 1 1 1.000000
  1 -9.258882 126.919144 -14.518526 -0.842593 0.014383 -0.538359 0.026269 0.713774 1 1 1.000000
  1 -3.876594 118.776810 -15.780598 -0.409967 -0.117875 -0.904451 0.240710 0.621645 1 1 1.000000
drow_quivver
  1 -7.510385 127.448029 -16.418716 -0.548246 0.484008 -0.682029 0.022676 0.605821 1 1 1.000000
  1 -3.876594 118.776810 -15.780598 -0.409967 -0.117875 -0.904451 0.240710 0.621645 1 1 1.000000
  1 -9.258882 126.919144 -14.518526 -0.842593 0.014383 -0.538359 0.026269 0.713774 1 1 1.000000
drow_quivver
  1 2.616236 121.917648 -15.699545 0.517204 0.323488 -0.792374 0.239347 0.328546 1 1 1.000000
  1 -3.876594 118.776810 -15.780598 -0.409967 -0.117875 -0.904451 0.240710 0.621645 1 1 1.000000
  1 -7.510385 127.448029 -16.418716 -0.548246 0.484008 -0.682029 0.022676 0.605821 1 1 1.000000
drow_quivver
  1 2.616236 121.917648 -15.699545 0.517204 0.323488 -0.792374 0.239347 0.328546 1 1 1.000000
  1 -7.510385 127.448029 -16.418716 -0.548246 0.484008 -0.682029 0.022676 0.605821 1 1 1.000000
  1 -1.412922 130.117630 -16.046114 0.080635 0.767523 -0.635929 0.027953 0.325337 1 1 1.000000
drow_quivver
  1 -1.412922 130.117630 -16.046114 0.080635 0.767523 -0.635929 0.027953 0.325337 1 1 1.000000
  1 -0.318574 130.997894 -12.572578 0.613577 0.789161 0.027371 0.036384 0.166522 1 1 1.000000
  1 2.616236 121.917648 -15.699545 0.517204 0.323488 -0.792374 0.239347 0.328546 1 1 1.000000
drow_quivver
  1 5.438234 116.268745 -14.392338 0.792106 0.066316 -0.606771 0.387201 0.313409 1 1 1.000000
  1 2.616236 121.917648 -15.699545 0.517204 0.323488 -0.792374 0.239347 0.328546 1 1 1.000000
  1 -0.318574 130.997894 -12.572578 0.613577 0.789161 0.027371 0.036384 0.166522 1 1 1.000000
drow_quivver
  1 -0.318574 130.997894 -12.572578 0.613577 0.789161 0.027371 0.036384 0.166522 1 1 1.000000
  1 7.488481 114.736038 -11.533604 0.912616 0.271680 -0.305485 0.447072 0.217350 1 1 1.000000
  1 5.438234 116.268745 -14.392338 0.792106 0.066316 -0.606771 0.387201 0.313409 1 1 1.000000
drow_quivver
  1 7.488481 114.736038 -11.533604 0.912616 0.271680 -0.305485 0.447072 0.217350 1 1 1.000000
  1 3.777891 112.744949 -14.624018 0.393859 -0.217015 -0.893185 0.444704 0.442639 1 1 1.000000
  1 5.438234 116.268745 -14.392338 0.792106 0.066316 -0.606771 0.387201 0.313409 1 1 1.000000
drow_quivver
  1 11.304693 102.135651 -12.293144 0.717981 -0.409095 -0.563156 0.738859 0.341642 1 1 1.000000
  1 3.777891 112.744949 -14.624018 0.393859 -0.217015 -0.893185 0.444704 0.442639 1 1 1.000000
  1 7.488481 114.736038 -11.533604 0.912616 0.271680 -0.305485 0.447072 0.217350 1 1 1.000000
drow_quivver
  1 3.777891 112.744949 -14.624018 0.393859 -0.217015 -0.893185 0.444704 0.442639 1 1 1.000000
